  44  -59   20  -89   28  -72  125   31  -48   32  -33 
  33   67  -55  109   19   20 -110  -34  -10 -126  -60 
 -45 -105 -119  -40    4  -68    3    7   51  -19  -89 
 -45  118   73   85  -21   47   -3    4   98  -57   90 
  95 -102  -20 -116   -8   85   89  -36    6  -21   54 
 -60  113   12  -57   22  -10   25   76 -107  -32   99 
  78    3   36   86   39   16   65   42 -116  -31  -41 
 -89   -4 -112  -90  -83   51   50   10  110   41   24 
 114  -44  122   17  108 -106  112 -107   34   47  -90 
 106   98  -28  124 -105   57  -48   88  -96  -77   -9 
  81  -18  123  -17  -29  -65   13    7   77  -20   30 